Timestamp,Longitude,Latitude,NetworkTech,NetworkMode,Level,Qual,SNR,CQI,LTERSSI,DL_bitrate,UL_bitrate,Altitude,Height,State,EVENT,SecondCell_RSRP,SecondCell_RSRQ,SecondCell_SNR,Eid
"2022.11.23_16.02.18",7.0204509999999996,43.55435,5G,5G,-85.0,-3.0,12.0,6.0,-,29.0,19.0,57.0,57.0,D,LOG START,-89.0,-10.0,5.0,5Piu
"2022.11.23_16.02.19",7.0204509999999996,43.55435,5G,5G,-85.0,-3.0,12.0,6.0,-,0.0,0.0,57.0,57.0,D,PERIODIC,-89.0,-10.0,5.0,5Piu
"2022.11.23_16.02.19",7.020475,43.554352,5G,5G,-85.0,-3.0,12.0,6.0,-,0.0,0.0,58.0,58.0,I,,-89.0,-10.0,5.0,5Piu
"2022.11.23_16.02.20",7.020475,43.554352,5G,5G,-86.0,-3.0,3.0,7.0,-,0.0,0.0,58.0,58.0,I,PERIODIC,-91.0,-9.0,11.0,5Piu
"2022.11.23_16.02.21",7.020475,43.554352,5G,5G,-84.0,-3.0,8.0,7.0,-,0.0,0.0,58.0,58.0,I,PERIODIC,-91.0,-9.0,11.0,5Piu
"2022.11.23_16.02.22",7.020475,43.554352,5G,5G,-84.0,-3.0,8.0,12.0,-,0.0,0.0,58.0,58.0,I,PERIODIC,-87.0,-11.0,8.0,5Piu
"2022.11.23_16.02.23",7.020475,43.554352,5G,5G,-84.0,-3.0,8.0,12.0,-,0.0,0.0,58.0,58.0,I,PERIODIC,-87.0,-11.0,8.0,5Piu
"2022.11.23_16.02.24",7.020475,43.554352,5G,5G,-84.0,-3.0,8.0,8.0,-,0.0,0.0,58.0,58.0,I,PERIODIC,-88.0,-9.0,12.0,5Piu
"2022.11.23_16.02.25",7.020475,43.554352,5G,5G,-84.0,-3.0,8.0,8.0,-,0.0,0.0,58.0,58.0,D,PERIODIC,-88.0,-9.0,12.0,5Piu
"2022.11.23_16.02.26",7.020475,43.554352,5G,5G,-84.0,-3.0,8.0,8.0,-,81.0,9.0,58.0,58.0,D,PERIODIC,-88.0,-9.0,12.0,5Piu
"2022.11.23_16.02.27",7.020475,43.554352,5G,5G,-84.0,-3.0,8.0,12.0,-,76.0,7.0,58.0,58.0,D,PERIODIC,-88.0,-11.0,4.0,5Piu
"2022.11.23_16.02.28",7.020475,43.554352,5G,5G,-87.0,-3.0,6.0,15.0,-,0.0,0.0,58.0,58.0,I,PERIODIC,-85.0,-8.0,10.0,5Piu
"2022.11.23_16.02.28",7.0205910000000005,43.554321,5G,5G,-87.0,-3.0,6.0,15.0,-,0.0,0.0,59.0,59.0,I,,-85.0,-8.0,10.0,5Piu
"2022.11.23_16.02.29",7.0205910000000005,43.554321,5G,5G,-87.0,-3.0,6.0,15.0,-,10.0,3.0,59.0,59.0,D,PERIODIC,-85.0,-8.0,10.0,5Piu
"2022.11.23_16.02.30",7.0205910000000005,43.554321,5G,5G,-87.0,-3.0,6.0,9.0,-,5.0,4.0,59.0,59.0,D,PERIODIC,-86.0,-10.0,13.0,5Piu
"2022.11.23_16.02.31",7.0205910000000005,43.554321,5G,5G,-78.0,-3.0,14.0,9.0,-,0.0,0.0,59.0,59.0,I,PERIODIC,-86.0,-10.0,13.0,5Piu
"2022.11.23_16.02.32",7.0205910000000005,43.554321,5G,5G,-79.0,-3.0,15.0,9.0,-,0.0,0.0,59.0,59.0,I,PERIODIC,-83.0,-8.0,13.0,5Piu
"2022.11.23_16.02.33",7.0205910000000005,43.554321,5G,5G,-79.0,-3.0,15.0,9.0,-,0.0,0.0,59.0,59.0,I,PERIODIC,-83.0,-8.0,13.0,5Piu
"2022.11.23_16.02.34",7.0205910000000005,43.554321,5G,5G,-82.0,-3.0,6.0,15.0,-,0.0,0.0,59.0,59.0,I,PERIODIC,-88.0,-9.0,14.0,5Piu
"2022.11.23_16.02.34",7.020716999999999,43.554285,5G,5G,-82.0,-3.0,6.0,15.0,-,0.0,0.0,59.0,59.0,I,,-88.0,-9.0,14.0,5Piu
"2022.11.23_16.02.35",7.020716999999999,43.554285,5G,5G,-82.0,-3.0,6.0,15.0,-,0.0,0.0,59.0,59.0,I,PERIODIC,-88.0,-9.0,14.0,5Piu
"2022.11.23_16.02.36",7.020716999999999,43.554285,5G,5G,-90.0,-3.0,3.0,12.0,-,0.0,0.0,59.0,59.0,I,PERIODIC,-90.0,-13.0,16.0,5Piu
"2022.11.23_16.02.37",7.020716999999999,43.554285,5G,5G,-90.0,-3.0,3.0,12.0,-,0.0,0.0,59.0,59.0,D,PERIODIC,-90.0,-13.0,16.0,5Piu
"2022.11.23_16.02.38",7.020716999999999,43.554285,5G,5G,-89.0,-3.0,1.0,15.0,-,1.0,0.0,59.0,59.0,D,PERIODIC,-89.0,-7.0,15.0,5Piu
"2022.11.23_16.02.39",7.020716999999999,43.554285,5G,5G,-44.0,-3.0,0.0,15.0,-,0.0,0.0,59.0,59.0,I,PERIODIC,-89.0,-7.0,15.0,5Piu
"2022.11.23_16.02.40",7.020716999999999,43.554285,5G,5G,-44.0,-3.0,0.0,11.0,-,0.0,0.0,59.0,59.0,I,PERIODIC,-84.0,-7.0,8.0,5Piu
"2022.11.23_16.02.41",7.020716999999999,43.554285,5G,5G,-91.0,-3.0,8.0,11.0,-,7.0,22.0,59.0,59.0,D,PERIODIC,-84.0,-7.0,8.0,5Piu
"2022.11.23_16.02.41",7.020842,43.554272999999995,5G,5G,-91.0,-3.0,8.0,11.0,-,7.0,22.0,59.0,59.0,D,,-84.0,-7.0,8.0,5Piu
"2022.11.23_16.02.42",7.020842,43.554272999999995,5G,5G,-89.0,-3.0,10.0,9.0,-,0.0,3.0,59.0,59.0,D,PERIODIC,-82.0,-11.0,4.0,5Piu
"2022.11.23_16.02.43",7.020842,43.554272999999995,5G,5G,-88.0,-3.0,10.0,9.0,-,655.0,149.0,59.0,59.0,D,PERIODIC,-82.0,-11.0,4.0,5Piu
"2022.11.23_16.02.44",7.020842,43.554272999999995,5G,5G,-89.0,-3.0,11.0,11.0,-,45851.0,572.0,59.0,59.0,D,PERIODIC,-77.0,-5.0,20.0,5Piu
"2022.11.23_16.02.45",7.020842,43.554272999999995,5G,5G,-90.0,-7.0,10.0,11.0,-,88596.0,465.0,59.0,59.0,D,PERIODIC,-77.0,-5.0,20.0,5Piu
"2022.11.23_16.02.46",7.020842,43.554272999999995,5G,5G,-90.0,-3.0,9.0,15.0,-,1830.0,45.0,59.0,59.0,D,PERIODIC,-79.0,-7.0,18.0,5Piu
"2022.11.23_16.02.47",7.020842,43.554272999999995,5G,5G,-88.0,-3.0,11.0,15.0,-,35605.0,214.0,59.0,59.0,D,PERIODIC,-79.0,-7.0,18.0,5Piu
"2022.11.23_16.02.47",7.0209660000000005,43.554291,5G,5G,-88.0,-3.0,11.0,15.0,-,35605.0,214.0,60.0,60.0,D,,-79.0,-7.0,18.0,5Piu
"2022.11.23_16.02.48",7.0209660000000005,43.554291,5G,5G,-88.0,-3.0,11.0,12.0,-,4.0,6.0,60.0,60.0,D,PERIODIC,-78.0,-8.0,20.0,5Piu
"2022.11.23_16.02.49",7.0209660000000005,43.554291,5G,5G,-89.0,-3.0,8.0,12.0,-,7.0,46.0,60.0,60.0,D,PERIODIC,-78.0,-8.0,20.0,5Piu
"2022.11.23_16.02.50",7.0209660000000005,43.554291,5G,5G,-89.0,-3.0,8.0,12.0,-,37137.0,204.0,60.0,60.0,D,PERIODIC,-84.0,-9.0,16.0,5Piu
"2022.11.23_16.02.51",7.0209660000000005,43.554291,5G,5G,-89.0,-3.0,8.0,12.0,-,3.0,0.0,60.0,60.0,D,PERIODIC,-84.0,-9.0,16.0,5Piu
"2022.11.23_16.02.52",7.0209660000000005,43.554291,5G,5G,-88.0,-3.0,9.0,11.0,-,3.0,10.0,60.0,60.0,D,PERIODIC,-85.0,-12.0,14.0,5Piu
"2022.11.23_16.02.53",7.0209660000000005,43.554291,5G,5G,-88.0,-3.0,9.0,11.0,-,38082.0,228.0,60.0,60.0,D,PERIODIC,-85.0,-12.0,14.0,5Piu
"2022.11.23_16.02.54",7.0209660000000005,43.554291,5G,5G,-88.0,-3.0,11.0,11.0,-,12.0,18.0,60.0,60.0,D,PERIODIC,-85.0,-12.0,14.0,5Piu
"2022.11.23_16.02.55",7.0209660000000005,43.554291,5G,5G,-87.0,-9.0,12.0,15.0,-,35491.0,192.0,60.0,60.0,D,PERIODIC,-87.0,-7.0,12.0,5Piu
"2022.11.23_16.02.56",7.0209660000000005,43.554291,5G,5G,-87.0,-9.0,12.0,12.0,-,3.0,19.0,60.0,60.0,D,PERIODIC,-82.0,-12.0,17.0,5Piu
"2022.11.23_16.02.57",7.0209660000000005,43.554291,5G,5G,-87.0,-9.0,12.0,12.0,-,6.0,7.0,60.0,60.0,D,PERIODIC,-82.0,-12.0,17.0,5Piu
"2022.11.23_16.02.58",7.0209660000000005,43.554291,5G,5G,-87.0,-9.0,12.0,9.0,-,4.0,6.0,60.0,60.0,D,PERIODIC,-82.0,-12.0,14.0,5Piu
"2022.11.23_16.02.58",7.021109,43.554312,5G,5G,-87.0,-9.0,12.0,9.0,-,4.0,6.0,60.0,60.0,D,,-82.0,-12.0,14.0,5Piu
"2022.11.23_16.02.59",7.021109,43.554312,5G,5G,-87.0,-9.0,12.0,9.0,-,46241.0,199.0,60.0,60.0,D,PERIODIC,-82.0,-12.0,14.0,5Piu
"2022.11.23_16.03.00",7.021109,43.554312,5G,5G,-87.0,-9.0,12.0,13.0,-,4.0,5.0,60.0,60.0,D,PERIODIC,-81.0,-8.0,10.0,5Piu
"2022.11.23_16.03.01",7.021109,43.554312,5G,5G,-87.0,-9.0,12.0,13.0,-,4.0,5.0,60.0,60.0,D,PERIODIC,-81.0,-8.0,10.0,5Piu
"2022.11.23_16.03.02",7.021109,43.554312,5G,5G,-89.0,-3.0,10.0,12.0,-,37190.0,211.0,60.0,60.0,D,PERIODIC,-81.0,-13.0,14.0,5Piu
"2022.11.23_16.03.03",7.021109,43.554312,5G,5G,-89.0,-3.0,10.0,12.0,-,3.0,5.0,60.0,60.0,D,PERIODIC,-81.0,-13.0,14.0,5Piu
"2022.11.23_16.03.04",7.021109,43.554312,5G,5G,-89.0,-3.0,13.0,12.0,-,4.0,6.0,60.0,60.0,D,PERIODIC,-77.0,-9.0,19.0,5Piu
"2022.11.23_16.03.05",7.021109,43.554312,5G,5G,-88.0,-3.0,13.0,12.0,-,28979.0,160.0,60.0,60.0,D,PERIODIC,-77.0,-9.0,19.0,5Piu
"2022.11.23_16.03.06",7.021109,43.554312,5G,5G,-88.0,-3.0,13.0,12.0,-,24.0,47.0,60.0,60.0,D,PERIODIC,-81.0,-10.0,17.0,5Piu
"2022.11.23_16.03.07",7.021109,43.554312,5G,5G,-88.0,-3.0,13.0,12.0,-,29099.0,161.0,60.0,60.0,D,PERIODIC,-81.0,-10.0,17.0,5Piu
"2022.11.23_16.03.07",7.021235000000001,43.554294,5G,5G,-88.0,-3.0,13.0,12.0,-,29099.0,161.0,58.0,58.0,D,,-81.0,-10.0,17.0,5Piu
"2022.11.23_16.03.08",7.021235000000001,43.554294,5G,5G,-88.0,-3.0,15.0,12.0,-,10158.0,64.0,58.0,58.0,D,PERIODIC,-80.0,-11.0,14.0,5Piu
"2022.11.23_16.03.09",7.021235000000001,43.554294,5G,5G,-88.0,-3.0,15.0,12.0,-,3.0,14.0,58.0,58.0,D,PERIODIC,-80.0,-11.0,14.0,5Piu
"2022.11.23_16.03.10",7.021235000000001,43.554294,5G,5G,-88.0,-3.0,15.0,13.0,-,35521.0,192.0,58.0,58.0,D,PERIODIC,-78.0,-11.0,17.0,5Piu
"2022.11.23_16.03.11",7.021235000000001,43.554294,5G,5G,-88.0,-3.0,15.0,13.0,-,4.0,5.0,58.0,58.0,D,PERIODIC,-78.0,-11.0,17.0,5Piu
"2022.11.23_16.03.12",7.021235000000001,43.554294,5G,5G,-83.0,-3.0,18.0,12.0,-,3.0,5.0,58.0,58.0,D,PERIODIC,-78.0,-12.0,22.0,5Piu
"2022.11.23_16.03.13",7.021235000000001,43.554294,5G,5G,-83.0,-3.0,18.0,12.0,-,35554.0,233.0,58.0,58.0,D,PERIODIC,-78.0,-12.0,22.0,5Piu
"2022.11.23_16.03.14",7.021235000000001,43.554294,5G,5G,-83.0,-3.0,18.0,10.0,-,3.0,5.0,58.0,58.0,D,PERIODIC,-80.0,-8.0,16.0,5Piu
"2022.11.23_16.03.15",7.021235000000001,43.554294,5G,5G,-82.0,-3.0,16.0,10.0,-,35522.0,192.0,58.0,58.0,D,PERIODIC,-80.0,-8.0,16.0,5Piu
"2022.11.23_16.03.15",7.021367999999999,43.554303999999995,5G,5G,-82.0,-3.0,16.0,10.0,-,35522.0,192.0,58.0,58.0,D,,-80.0,-8.0,16.0,5Piu
"2022.11.23_16.03.16",7.021367999999999,43.554303999999995,5G,5G,-80.0,-3.0,18.0,15.0,-,4.0,5.0,58.0,58.0,D,PERIODIC,-79.0,-13.0,20.0,5Piu
"2022.11.23_16.03.17",7.021367999999999,43.554303999999995,5G,5G,-80.0,-3.0,18.0,15.0,-,1.0,5.0,58.0,58.0,D,PERIODIC,-79.0,-13.0,20.0,5Piu
"2022.11.23_16.03.18",7.021367999999999,43.554303999999995,5G,5G,-79.0,-3.0,20.0,15.0,-,35610.0,206.0,58.0,58.0,D,PERIODIC,-82.0,-12.0,17.0,5Piu
"2022.11.23_16.03.19",7.021367999999999,43.554303999999995,5G,5G,-78.0,-3.0,21.0,15.0,-,3.0,5.0,58.0,58.0,D,PERIODIC,-82.0,-12.0,17.0,5Piu
"2022.11.23_16.03.20",7.021367999999999,43.554303999999995,5G,5G,-77.0,-3.0,21.0,13.0,-,13049.0,92.0,58.0,58.0,D,PERIODIC,-82.0,-13.0,16.0,5Piu
"2022.11.23_16.03.21",7.021367999999999,43.554303999999995,5G,5G,-77.0,-3.0,21.0,13.0,-,35583.0,165.0,58.0,58.0,D,PERIODIC,-82.0,-13.0,16.0,5Piu
"2022.11.23_16.03.22",7.021367999999999,43.554303999999995,5G,5G,-77.0,-3.0,21.0,13.0,-,39008.0,221.0,58.0,58.0,D,PERIODIC,-82.0,-13.0,16.0,5Piu
"2022.11.23_16.03.23",7.021367999999999,43.554303999999995,5G,5G,-77.0,-3.0,21.0,14.0,-,2.0,5.0,58.0,58.0,D,PERIODIC,-79.0,-12.0,14.0,5Piu
"2022.11.23_16.03.24",7.021367999999999,43.554303999999995,5G,5G,-77.0,-3.0,21.0,14.0,-,6.0,6.0,58.0,58.0,D,PERIODIC,-79.0,-12.0,14.0,5Piu
"2022.11.23_16.03.24",7.021495,43.554291,5G,5G,-77.0,-3.0,21.0,14.0,-,6.0,6.0,58.0,58.0,D,,-79.0,-12.0,14.0,5Piu
"2022.11.23_16.03.25",7.021495,43.554291,5G,5G,-77.0,-3.0,21.0,14.0,-,30860.0,168.0,58.0,58.0,D,PERIODIC,-81.0,-6.0,27.0,5Piu
"2022.11.23_16.03.26",7.021495,43.554291,5G,5G,-76.0,-3.0,19.0,14.0,-,4668.0,29.0,58.0,58.0,D,PERIODIC,-81.0,-6.0,27.0,5Piu
"2022.11.23_16.03.27",7.021495,43.554291,5G,5G,-76.0,-3.0,19.0,15.0,-,4.0,14.0,58.0,58.0,D,PERIODIC,-78.0,-9.0,6.0,5Piu
"2022.11.23_16.03.28",7.021495,43.554291,5G,5G,-76.0,-3.0,19.0,15.0,-,35761.0,194.0,58.0,58.0,D,PERIODIC,-78.0,-9.0,6.0,5Piu
"2022.11.23_16.03.29",7.021495,43.554291,5G,5G,-76.0,-3.0,19.0,15.0,-,3.0,5.0,58.0,58.0,D,PERIODIC,-79.0,-11.0,23.0,5Piu
"2022.11.23_16.03.29",7.0216270000000005,43.55428,5G,5G,-76.0,-3.0,19.0,15.0,-,3.0,5.0,59.0,59.0,D,,-79.0,-11.0,23.0,5Piu
"2022.11.23_16.03.30",7.0216270000000005,43.55428,5G,5G,-78.0,-3.0,20.0,15.0,-,3.0,5.0,59.0,59.0,D,PERIODIC,-79.0,-11.0,23.0,5Piu
"2022.11.23_16.03.31",7.0216270000000005,43.55428,5G,5G,-79.0,-3.0,20.0,13.0,-,1.0,5.0,59.0,59.0,D,PERIODIC,-73.0,-8.0,22.0,5Piu
"2022.11.23_16.03.32",7.0216270000000005,43.55428,5G,5G,-79.0,-3.0,20.0,13.0,-,23400.0,132.0,59.0,59.0,D,PERIODIC,-73.0,-8.0,22.0,5Piu
"2022.11.23_16.03.33",7.0216270000000005,43.55428,5G,5G,-79.0,-3.0,20.0,8.0,-,6.0,23.0,59.0,59.0,D,PERIODIC,-79.0,-10.0,14.0,5Piu
"2022.11.23_16.03.34",7.0216270000000005,43.55428,5G,5G,-81.0,-3.0,19.0,8.0,-,35737.0,188.0,59.0,59.0,D,PERIODIC,-79.0,-10.0,14.0,5Piu
"2022.11.23_16.03.35",7.0216270000000005,43.55428,5G,5G,-81.0,-3.0,20.0,11.0,-,3.0,5.0,59.0,59.0,D,PERIODIC,-76.0,-11.0,23.0,5Piu
"2022.11.23_16.03.36",7.0216270000000005,43.55428,5G,5G,-78.0,-3.0,20.0,11.0,-,3.0,5.0,59.0,59.0,D,PERIODIC,-76.0,-11.0,23.0,5Piu
"2022.11.23_16.03.37",7.0216270000000005,43.55428,5G,5G,-78.0,-3.0,20.0,11.0,-,4.0,6.0,59.0,59.0,D,PERIODIC,-76.0,-11.0,23.0,5Piu
"2022.11.23_16.03.38",7.0216270000000005,43.55428,5G,5G,-78.0,-3.0,20.0,15.0,-,4.0,6.0,59.0,59.0,D,PERIODIC,-77.0,-9.0,25.0,5Piu
"2022.11.23_16.03.39",7.0216270000000005,43.55428,5G,5G,-83.0,-3.0,20.0,15.0,-,37178.0,211.0,59.0,59.0,D,PERIODIC,-77.0,-9.0,25.0,5Piu
"2022.11.23_16.03.39",7.021748,43.554258000000004,5G,5G,-83.0,-3.0,20.0,15.0,-,37178.0,211.0,58.0,58.0,D,,-77.0,-9.0,25.0,5Piu
"2022.11.23_16.03.40",7.021748,43.554258000000004,5G,5G,-82.0,-3.0,19.0,15.0,-,2923.0,20.0,58.0,58.0,D,PERIODIC,-77.0,-9.0,25.0,5Piu
"2022.11.23_16.03.41",7.021748,43.554258000000004,5G,5G,-82.0,-3.0,19.0,14.0,-,3.0,5.0,58.0,58.0,D,PERIODIC,-78.0,-13.0,20.0,5Piu
"2022.11.23_16.03.42",7.021748,43.554258000000004,5G,5G,-82.0,-3.0,19.0,15.0,-,3.0,5.0,58.0,58.0,D,PERIODIC,-76.0,-9.0,25.0,5Piu
"2022.11.23_16.03.43",7.021748,43.554258000000004,5G,5G,-82.0,-3.0,19.0,15.0,-,4.0,14.0,58.0,58.0,D,PERIODIC,-76.0,-9.0,25.0,5Piu
"2022.11.23_16.03.44",7.021748,43.554258000000004,5G,5G,-83.0,-3.0,19.0,10.0,-,32568.0,188.0,58.0,58.0,D,PERIODIC,-75.0,-8.0,25.0,5Piu
"2022.11.23_16.03.45",7.021748,43.554258000000004,5G,5G,-82.0,-3.0,20.0,10.0,-,9.0,10.0,58.0,58.0,D,PERIODIC,-75.0,-8.0,25.0,5Piu
"2022.11.23_16.03.46",7.021748,43.554258000000004,5G,5G,-82.0,-3.0,20.0,12.0,-,0.0,4.0,58.0,58.0,D,PERIODIC,-77.0,-11.0,25.0,5Piu
"2022.11.23_16.03.47",7.021748,43.554258000000004,5G,5G,-80.0,-3.0,20.0,12.0,-,7.0,5.0,58.0,58.0,D,PERIODIC,-77.0,-11.0,25.0,5Piu
"2022.11.23_16.03.48",7.021748,43.554258000000004,5G,5G,-79.0,-3.0,20.0,9.0,-,66.0,38.0,58.0,58.0,D,PERIODIC,-75.0,-9.0,21.0,5Piu
"2022.11.23_16.03.48",7.021885,43.554235999999996,5G,5G,-79.0,-3.0,20.0,9.0,-,66.0,38.0,59.0,59.0,D,,-75.0,-9.0,21.0,5Piu
"2022.11.23_16.03.49",7.021885,43.554235999999996,5G,5G,-80.0,-3.0,20.0,9.0,-,7.0,18.0,59.0,59.0,D,PERIODIC,-75.0,-9.0,21.0,5Piu
"2022.11.23_16.03.50",7.021885,43.554235999999996,5G,5G,-80.0,-3.0,20.0,13.0,-,37145.0,149.0,59.0,59.0,D,PERIODIC,-74.0,-11.0,25.0,5Piu
"2022.11.23_16.03.51",7.021885,43.554235999999996,5G,5G,-80.0,-3.0,20.0,13.0,-,3.0,5.0,59.0,59.0,D,PERIODIC,-74.0,-11.0,25.0,5Piu
"2022.11.23_16.03.52",7.021885,43.554235999999996,5G,5G,-80.0,-3.0,20.0,14.0,-,3.0,5.0,59.0,59.0,D,PERIODIC,-75.0,-7.0,24.0,5Piu
"2022.11.23_16.03.53",7.021885,43.554235999999996,5G,5G,-80.0,-3.0,20.0,14.0,-,9.0,18.0,59.0,59.0,D,PERIODIC,-75.0,-7.0,24.0,5Piu
"2022.11.23_16.03.54",7.021885,43.554235999999996,5G,5G,-80.0,-3.0,20.0,13.0,-,2.0,5.0,59.0,59.0,D,PERIODIC,-74.0,-11.0,25.0,5Piu
"2022.11.23_16.03.55",7.021885,43.554235999999996,5G,5G,-80.0,-3.0,20.0,13.0,-,30152.0,173.0,59.0,59.0,D,PERIODIC,-74.0,-11.0,25.0,5Piu
"2022.11.23_16.03.56",7.021885,43.554235999999996,5G,5G,-80.0,-3.0,20.0,13.0,-,1.0,5.0,59.0,59.0,D,PERIODIC,-75.0,-10.0,26.0,5Piu
"2022.11.23_16.03.56",7.0220210000000005,43.554237,5G,5G,-80.0,-3.0,20.0,13.0,-,1.0,5.0,59.0,59.0,D,,-75.0,-10.0,26.0,5Piu
"2022.11.23_16.03.57",7.0220210000000005,43.554237,5G,5G,-80.0,-3.0,20.0,13.0,-,2.0,5.0,59.0,59.0,D,PERIODIC,-75.0,-10.0,26.0,5Piu
"2022.11.23_16.03.58",7.0220210000000005,43.554237,5G,5G,-80.0,-3.0,20.0,13.0,-,7.0,7.0,59.0,59.0,D,PERIODIC,-75.0,-6.0,21.0,5Piu
"2022.11.23_16.03.59",7.0220210000000005,43.554237,5G,5G,-80.0,-3.0,20.0,13.0,-,0.0,4.0,59.0,59.0,D,PERIODIC,-75.0,-6.0,21.0,5Piu
"2022.11.23_16.04.00",7.0220210000000005,43.554237,5G,5G,-78.0,-3.0,20.0,15.0,-,32900.0,178.0,59.0,59.0,D,PERIODIC,-73.0,-7.0,23.0,5Piu
"2022.11.23_16.04.01",7.0220210000000005,43.554237,5G,5G,-78.0,-3.0,20.0,15.0,-,2563.0,18.0,59.0,59.0,D,PERIODIC,-73.0,-7.0,23.0,5Piu
"2022.11.23_16.04.02",7.0220210000000005,43.554237,5G,5G,-76.0,-3.0,22.0,10.0,-,7.0,6.0,59.0,59.0,D,PERIODIC,-71.0,-12.0,19.0,5Piu
"2022.11.23_16.04.03",7.0220210000000005,43.554237,5G,5G,-76.0,-3.0,22.0,10.0,-,5.0,15.0,59.0,59.0,D,PERIODIC,-71.0,-12.0,19.0,5Piu
"2022.11.23_16.04.04",7.0220210000000005,43.554237,5G,5G,-79.0,-3.0,21.0,11.0,-,0.0,4.0,59.0,59.0,D,PERIODIC,-75.0,-5.0,26.0,5Piu
"2022.11.23_16.04.05",7.0220210000000005,43.554237,5G,5G,-79.0,-3.0,21.0,11.0,-,8.0,7.0,59.0,59.0,D,PERIODIC,-75.0,-5.0,26.0,5Piu
"2022.11.23_16.04.06",7.0220210000000005,43.554237,5G,5G,-79.0,-3.0,21.0,9.0,-,3.0,5.0,59.0,59.0,D,PERIODIC,-76.0,-6.0,21.0,5Piu
"2022.11.23_16.04.07",7.0220210000000005,43.554237,5G,5G,-77.0,-3.0,20.0,9.0,-,35524.0,193.0,59.0,59.0,D,PERIODIC,-76.0,-6.0,21.0,5Piu
"2022.11.23_16.04.08",7.0220210000000005,43.554237,5G,5G,-78.0,-3.0,21.0,15.0,-,47.0,26.0,59.0,59.0,D,PERIODIC,-74.0,-6.0,30.0,5Piu
"2022.11.23_16.04.08",7.02215,43.55425,5G,5G,-78.0,-3.0,21.0,15.0,-,47.0,26.0,59.0,59.0,D,,-74.0,-6.0,30.0,5Piu
"2022.11.23_16.04.09",7.02215,43.55425,5G,5G,-78.0,-3.0,21.0,15.0,-,29507.0,162.0,59.0,59.0,D,PERIODIC,-74.0,-6.0,30.0,5Piu
"2022.11.23_16.04.10",7.02215,43.55425,5G,5G,-78.0,-3.0,21.0,15.0,-,3.0,6.0,59.0,59.0,D,PERIODIC,-71.0,-8.0,29.0,5Piu
"2022.11.23_16.04.11",7.02215,43.55425,5G,5G,-78.0,-3.0,21.0,15.0,-,35523.0,191.0,59.0,59.0,D,PERIODIC,-71.0,-8.0,29.0,5Piu
"2022.11.23_16.04.12",7.02215,43.55425,5G,5G,-78.0,-3.0,21.0,14.0,-,0.0,4.0,59.0,59.0,D,PERIODIC,-70.0,-7.0,30.0,5Piu
"2022.11.23_16.04.13",7.02215,43.55425,5G,5G,-77.0,-3.0,21.0,14.0,-,41997.0,205.0,59.0,59.0,D,PERIODIC,-70.0,-7.0,30.0,5Piu
"2022.11.23_16.04.14",7.02215,43.55425,5G,5G,-76.0,-3.0,21.0,15.0,-,3.0,5.0,59.0,59.0,D,PERIODIC,-74.0,-7.0,29.0,5Piu
"2022.11.23_16.04.15",7.02215,43.55425,5G,5G,-76.0,-3.0,22.0,15.0,-,3.0,6.0,59.0,59.0,D,PERIODIC,-74.0,-7.0,29.0,5Piu
"2022.11.23_16.04.16",7.02215,43.55425,5G,5G,-77.0,-3.0,22.0,10.0,-,40087.0,199.0,59.0,59.0,D,PERIODIC,-70.0,-6.0,30.0,5Piu
"2022.11.23_16.04.16",7.022197,43.554344,5G,5G,-77.0,-3.0,22.0,10.0,-,40087.0,199.0,58.0,58.0,D,,-70.0,-6.0,30.0,5Piu
"2022.11.23_16.04.17",7.022197,43.554344,5G,5G,-77.0,-3.0,22.0,10.0,-,0.0,4.0,58.0,58.0,D,PERIODIC,-70.0,-6.0,30.0,5Piu
"2022.11.23_16.04.18",7.022197,43.554344,5G,5G,-78.0,-3.0,21.0,13.0,-,38823.0,207.0,58.0,58.0,D,PERIODIC,-68.0,-6.0,30.0,5Piu
"2022.11.23_16.04.19",7.022197,43.554344,5G,5G,-77.0,-3.0,22.0,13.0,-,3.0,5.0,58.0,58.0,D,PERIODIC,-68.0,-6.0,30.0,5Piu
"2022.11.23_16.04.20",7.022197,43.554344,5G,5G,-77.0,-3.0,22.0,10.0,-,33446.0,180.0,58.0,58.0,D,PERIODIC,-75.0,-8.0,22.0,5Piu
"2022.11.23_16.04.21",7.022197,43.554344,5G,5G,-77.0,-3.0,22.0,10.0,-,2078.0,16.0,58.0,58.0,D,PERIODIC,-75.0,-8.0,22.0,5Piu
"2022.11.23_16.04.22",7.022197,43.554344,5G,5G,-76.0,-3.0,20.0,6.0,-,423.0,18.0,58.0,58.0,D,PERIODIC,-75.0,-8.0,20.0,5Piu
"2022.11.23_16.04.23",7.022197,43.554344,5G,5G,-79.0,-3.0,20.0,6.0,-,49698.0,183.0,58.0,58.0,D,PERIODIC,-75.0,-8.0,20.0,5Piu
"2022.11.23_16.04.24",7.022197,43.554344,5G,5G,-76.0,-3.0,21.0,6.0,-,6.0,6.0,58.0,58.0,D,PERIODIC,-75.0,-8.0,20.0,5Piu
"2022.11.23_16.04.25",7.022197,43.554344,5G,5G,-77.0,-3.0,20.0,13.0,-,1.0,5.0,58.0,58.0,D,PERIODIC,-74.0,-10.0,24.0,5Piu
"2022.11.23_16.04.26",7.022197,43.554344,5G,5G,-77.0,-3.0,20.0,13.0,-,26335.0,147.0,58.0,58.0,D,PERIODIC,-74.0,-10.0,24.0,5Piu
"2022.11.23_16.04.27",7.022197,43.554344,5G,5G,-75.0,-3.0,21.0,13.0,-,39417.0,222.0,58.0,58.0,D,PERIODIC,-66.0,-6.0,24.0,5Piu
"2022.11.23_16.04.28",7.022247999999999,43.554427000000004,5G,5G,-75.0,-3.0,21.0,13.0,-,4.0,5.0,58.0,58.0,D,,-66.0,-6.0,24.0,5Piu
"2022.11.23_16.04.28",7.022247999999999,43.554427000000004,5G,5G,-75.0,-3.0,21.0,13.0,-,4.0,5.0,58.0,58.0,D,PERIODIC,-66.0,-6.0,24.0,5Piu
"2022.11.23_16.04.29",7.022247999999999,43.554427000000004,5G,5G,-75.0,-3.0,21.0,15.0,-,5.0,13.0,58.0,58.0,D,PERIODIC,-70.0,-6.0,30.0,5Piu
"2022.11.23_16.04.30",7.022247999999999,43.554427000000004,5G,5G,-78.0,-3.0,20.0,15.0,-,35532.0,193.0,58.0,58.0,D,PERIODIC,-70.0,-6.0,30.0,5Piu
"2022.11.23_16.04.31",7.022247999999999,43.554427000000004,5G,5G,-76.0,-3.0,20.0,14.0,-,3.0,5.0,58.0,58.0,D,PERIODIC,-73.0,-12.0,18.0,5Piu
"2022.11.23_16.04.32",7.022247999999999,43.554427000000004,5G,5G,-74.0,-3.0,19.0,14.0,-,35521.0,191.0,58.0,58.0,D,PERIODIC,-73.0,-12.0,18.0,5Piu
"2022.11.23_16.04.33",7.022247999999999,43.554427000000004,5G,5G,-81.0,-3.0,19.0,13.0,-,6.0,14.0,58.0,58.0,D,PERIODIC,-71.0,-5.0,24.0,5Piu
"2022.11.23_16.04.34",7.022247999999999,43.554427000000004,5G,5G,-78.0,-3.0,19.0,13.0,-,3.0,5.0,58.0,58.0,D,PERIODIC,-71.0,-5.0,24.0,5Piu
"2022.11.23_16.04.35",7.022247999999999,43.554427000000004,5G,5G,-78.0,-3.0,19.0,9.0,-,3.0,5.0,58.0,58.0,D,PERIODIC,-70.0,-11.0,24.0,5Piu
"2022.11.23_16.04.36",7.022247999999999,43.554427000000004,5G,5G,-79.0,-3.0,20.0,9.0,-,35523.0,191.0,58.0,58.0,D,PERIODIC,-70.0,-11.0,24.0,5Piu
"2022.11.23_16.04.37",7.022247999999999,43.554427000000004,5G,5G,-79.0,-3.0,20.0,14.0,-,6.0,6.0,58.0,58.0,D,PERIODIC,-75.0,-9.0,27.0,5Piu
"2022.11.23_16.04.38",7.022347,43.554499,5G,5G,-79.0,-3.0,20.0,14.0,-,1.0,5.0,58.0,58.0,D,,-75.0,-9.0,27.0,5Piu
"2022.11.23_16.04.38",7.022347,43.554499,5G,5G,-79.0,-3.0,20.0,14.0,-,1.0,5.0,58.0,58.0,D,PERIODIC,-75.0,-9.0,27.0,5Piu
"2022.11.23_16.04.39",7.022347,43.554499,5G,5G,-76.0,-3.0,20.0,9.0,-,28635.0,156.0,58.0,58.0,D,PERIODIC,-69.0,-10.0,22.0,5Piu
"2022.11.23_16.04.40",7.022347,43.554499,5G,5G,-76.0,-3.0,21.0,9.0,-,6893.0,41.0,58.0,58.0,D,PERIODIC,-69.0,-10.0,22.0,5Piu
"2022.11.23_16.04.41",7.022347,43.554499,5G,5G,-77.0,-3.0,21.0,9.0,-,46.0,14.0,58.0,58.0,D,PERIODIC,-67.0,-8.0,18.0,5Piu
"2022.11.23_16.04.42",7.022347,43.554499,5G,5G,-76.0,-3.0,22.0,9.0,-,48557.0,189.0,58.0,58.0,D,PERIODIC,-67.0,-8.0,18.0,5Piu
"2022.11.23_16.04.43",7.022347,43.554499,5G,5G,-76.0,-3.0,22.0,11.0,-,4.0,6.0,58.0,58.0,D,PERIODIC,-70.0,-6.0,24.0,5Piu
"2022.11.23_16.04.44",7.022347,43.554499,5G,5G,-75.0,-3.0,21.0,11.0,-,4.0,5.0,58.0,58.0,D,PERIODIC,-70.0,-6.0,24.0,5Piu
"2022.11.23_16.04.45",7.022347,43.554499,5G,5G,-79.0,-3.0,21.0,15.0,-,27600.0,186.0,58.0,58.0,D,PERIODIC,-75.0,-10.0,22.0,5Piu
"2022.11.23_16.04.46",7.022328,43.554606,5G,5G,-78.0,-3.0,21.0,15.0,-,27600.0,186.0,59.0,59.0,D,,-75.0,-10.0,22.0,5Piu
"2022.11.23_16.04.46",7.022328,43.554606,5G,5G,-78.0,-3.0,21.0,15.0,-,3.0,5.0,59.0,59.0,D,PERIODIC,-75.0,-10.0,22.0,5Piu
"2022.11.23_16.04.47",7.022328,43.554606,5G,5G,-79.0,-3.0,21.0,13.0,-,3.0,5.0,59.0,59.0,D,PERIODIC,-77.0,-6.0,16.0,5Piu
"2022.11.23_16.04.48",7.022328,43.554606,5G,5G,-79.0,-3.0,21.0,13.0,-,37442.0,210.0,59.0,59.0,D,PERIODIC,-77.0,-6.0,16.0,5Piu
"2022.11.23_16.04.49",7.022328,43.554606,5G,5G,-79.0,-3.0,21.0,11.0,-,3.0,6.0,59.0,59.0,D,PERIODIC,-82.0,-8.0,20.0,5Piu
"2022.11.23_16.04.50",7.022328,43.554606,5G,5G,-79.0,-3.0,21.0,11.0,-,2.0,5.0,59.0,59.0,D,PERIODIC,-82.0,-8.0,20.0,5Piu
"2022.11.23_16.04.51",7.022328,43.554606,5G,5G,-80.0,-3.0,21.0,12.0,-,6.0,6.0,59.0,59.0,D,PERIODIC,-80.0,-9.0,19.0,5Piu
"2022.11.23_16.04.52",7.022359,43.554694,5G,5G,-79.0,-3.0,21.0,12.0,-,6.0,6.0,59.0,59.0,D,,-80.0,-9.0,19.0,5Piu
"2022.11.23_16.04.52",7.022359,43.554694,5G,5G,-79.0,-3.0,21.0,12.0,-,41648.0,177.0,59.0,59.0,D,PERIODIC,-80.0,-9.0,19.0,5Piu
"2022.11.23_16.04.53",7.022359,43.554694,5G,5G,-79.0,-3.0,21.0,10.0,-,3118.0,25.0,59.0,59.0,D,PERIODIC,-85.0,-8.0,17.0,5Piu
"2022.11.23_16.04.54",7.022359,43.554694,5G,5G,-79.0,-3.0,21.0,10.0,-,35524.0,191.0,59.0,59.0,D,PERIODIC,-85.0,-8.0,17.0,5Piu
"2022.11.23_16.04.55",7.022359,43.554694,5G,5G,-79.0,-3.0,21.0,5.0,-,3.0,6.0,59.0,59.0,D,PERIODIC,-85.0,-9.0,11.0,5Piu
"2022.11.23_16.04.56",7.022359,43.554694,5G,5G,-77.0,-3.0,21.0,5.0,-,5.0,6.0,59.0,59.0,D,PERIODIC,-85.0,-9.0,11.0,5Piu
"2022.11.23_16.04.57",7.022359,43.554694,5G,5G,-77.0,-3.0,21.0,15.0,-,26951.0,123.0,59.0,59.0,D,PERIODIC,-82.0,-6.0,20.0,5Piu
"2022.11.23_16.04.58",7.022359,43.554694,5G,5G,-77.0,-3.0,21.0,15.0,-,16027.0,93.0,59.0,59.0,D,PERIODIC,-82.0,-6.0,20.0,5Piu
"2022.11.23_16.04.59",7.022359,43.554694,5G,5G,-77.0,-3.0,21.0,10.0,-,27137.0,150.0,59.0,59.0,D,PERIODIC,-85.0,-9.0,11.0,5Piu
"2022.11.23_16.05.00",7.022359,43.554694,5G,5G,-77.0,-3.0,21.0,10.0,-,6.0,6.0,59.0,59.0,D,PERIODIC,-85.0,-9.0,11.0,5Piu
"2022.11.23_16.05.01",7.022359,43.554694,5G,5G,-74.0,-3.0,21.0,14.0,-,4.0,5.0,59.0,59.0,D,PERIODIC,-86.0,-6.0,12.0,5Piu
"2022.11.23_16.05.02",7.022359,43.554694,5G,5G,-77.0,-3.0,21.0,14.0,-,35522.0,204.0,59.0,59.0,D,PERIODIC,-86.0,-6.0,12.0,5Piu
"2022.11.23_16.05.03",7.022359,43.554694,5G,5G,-78.0,-3.0,20.0,14.0,-,31.0,48.0,59.0,59.0,D,PERIODIC,-86.0,-8.0,12.0,5Piu
"2022.11.23_16.05.04",7.022359,43.554694,5G,5G,-78.0,-3.0,20.0,14.0,-,48621.0,205.0,59.0,59.0,D,PERIODIC,-86.0,-8.0,12.0,5Piu
"2022.11.23_16.05.05",7.022422,43.554781,5G,5G,-78.0,-3.0,20.0,14.0,-,48621.0,205.0,59.0,59.0,D,,-86.0,-8.0,12.0,5Piu
"2022.11.23_16.05.05",7.022422,43.554781,5G,5G,-78.0,-3.0,20.0,15.0,-,1.0,5.0,59.0,59.0,D,PERIODIC,-87.0,-8.0,21.0,5Piu
"2022.11.23_16.05.06",7.022422,43.554781,5G,5G,-78.0,-3.0,20.0,15.0,-,35523.0,192.0,59.0,59.0,D,PERIODIC,-87.0,-8.0,21.0,5Piu
"2022.11.23_16.05.07",7.022422,43.554781,5G,5G,-78.0,-3.0,20.0,15.0,-,1.0,5.0,59.0,59.0,D,PERIODIC,-88.0,-8.0,17.0,5Piu
"2022.11.23_16.05.08",7.022422,43.554781,5G,5G,-78.0,-3.0,20.0,15.0,-,8.0,12.0,59.0,59.0,D,PERIODIC,-88.0,-8.0,17.0,5Piu
"2022.11.23_16.05.09",7.022422,43.554781,5G,5G,-75.0,-3.0,22.0,13.0,-,35525.0,199.0,59.0,59.0,D,PERIODIC,-88.0,-9.0,18.0,5Piu
"2022.11.23_16.05.10",7.022422,43.554781,5G,5G,-76.0,-3.0,21.0,13.0,-,3.0,5.0,59.0,59.0,D,PERIODIC,-88.0,-9.0,18.0,5Piu
"2022.11.23_16.05.11",7.022422,43.554781,5G,5G,-67.0,-3.0,21.0,11.0,-,35523.0,193.0,59.0,59.0,D,PERIODIC,-84.0,-10.0,19.0,5Piu
"2022.11.23_16.05.12",7.022422,43.554781,5G,5G,-69.0,-3.0,21.0,11.0,-,4.0,5.0,59.0,59.0,D,PERIODIC,-84.0,-10.0,19.0,5Piu
"2022.11.23_16.05.13",7.022545,43.554829,5G,5G,-70.0,-3.0,21.0,11.0,-,4.0,5.0,58.0,58.0,D,,-84.0,-10.0,19.0,5Piu
"2022.11.23_16.05.13",7.022545,43.554829,5G,5G,-70.0,-3.0,21.0,14.0,-,39623.0,196.0,58.0,58.0,D,PERIODIC,-88.0,-8.0,27.0,5Piu
"2022.11.23_16.05.14",7.022545,43.554829,5G,5G,-79.0,-3.0,21.0,14.0,-,6.0,5.0,58.0,58.0,D,PERIODIC,-88.0,-8.0,27.0,5Piu
"2022.11.23_16.05.15",7.022545,43.554829,5G,5G,-79.0,-3.0,21.0,10.0,-,35520.0,190.0,58.0,58.0,D,PERIODIC,-94.0,-8.0,25.0,5Piu
"2022.11.23_16.05.16",7.022545,43.554829,5G,5G,-79.0,-3.0,21.0,10.0,-,33.0,12.0,58.0,58.0,D,PERIODIC,-94.0,-8.0,25.0,5Piu
"2022.11.23_16.05.18",7.022545,43.554829,5G,5G,-85.0,-3.0,21.0,13.0,-,31.0,10.0,58.0,58.0,D,PERIODIC,-97.0,-9.0,14.0,5Piu
"2022.11.23_16.05.18",7.022545,43.554829,5G,5G,-87.0,-3.0,22.0,13.0,-,4.0,14.0,58.0,58.0,D,PERIODIC,-97.0,-9.0,14.0,5Piu
"2022.11.23_16.05.19",7.022545,43.554829,5G,5G,-86.0,-3.0,21.0,12.0,-,25074.0,131.0,58.0,58.0,D,PERIODIC,-100.0,-11.0,12.0,5Piu
"2022.11.23_16.05.21",7.022545,43.554829,5G,5G,-86.0,-3.0,21.0,12.0,-,36084.0,204.0,58.0,58.0,D,PERIODIC,-100.0,-11.0,12.0,5Piu
"2022.11.23_16.05.21",7.02267,43.554864,5G,5G,-84.0,-3.0,21.0,12.0,-,36084.0,204.0,58.0,58.0,D,,-100.0,-11.0,12.0,5Piu
"2022.11.23_16.05.22",7.02267,43.554864,5G,5G,-84.0,-3.0,21.0,11.0,-,3.0,5.0,58.0,58.0,D,PERIODIC,-102.0,-6.0,14.0,5Piu
"2022.11.23_16.05.23",7.02267,43.554864,5G,5G,-81.0,-3.0,21.0,11.0,-,3.0,5.0,58.0,58.0,D,PERIODIC,-102.0,-6.0,14.0,5Piu
"2022.11.23_16.05.24",7.02267,43.554864,5G,5G,-84.0,-3.0,21.0,7.0,-,35522.0,191.0,58.0,58.0,D,PERIODIC,-102.0,-11.0,13.0,5Piu
"2022.11.23_16.05.25",7.02267,43.554864,5G,5G,-83.0,-3.0,22.0,7.0,-,4.0,5.0,58.0,58.0,D,PERIODIC,-102.0,-11.0,13.0,5Piu
"2022.11.23_16.05.26",7.02267,43.554864,5G,5G,-83.0,-3.0,22.0,8.0,-,35525.0,190.0,58.0,58.0,D,PERIODIC,-102.0,-7.0,14.0,5Piu
"2022.11.23_16.05.27",7.02267,43.554864,5G,5G,-85.0,-3.0,22.0,8.0,-,3.0,5.0,58.0,58.0,D,PERIODIC,-102.0,-7.0,14.0,5Piu
"2022.11.23_16.05.27",7.0227949999999995,43.554885,5G,5G,-88.0,-3.0,21.0,8.0,-,3.0,5.0,58.0,58.0,D,,-102.0,-7.0,14.0,5Piu
"2022.11.23_16.05.28",7.0227949999999995,43.554885,5G,5G,-88.0,-3.0,21.0,14.0,-,47970.0,237.0,58.0,58.0,D,PERIODIC,-101.0,-8.0,16.0,5Piu
"2022.11.23_16.05.29",7.0227949999999995,43.554885,5G,5G,-88.0,-3.0,21.0,14.0,-,4.0,6.0,58.0,58.0,D,PERIODIC,-101.0,-8.0,16.0,5Piu
"2022.11.23_16.05.30",7.0227949999999995,43.554885,5G,5G,-88.0,-3.0,21.0,12.0,-,35524.0,191.0,58.0,58.0,D,PERIODIC,-104.0,-7.0,15.0,5Piu
"2022.11.23_16.05.31",7.0227949999999995,43.554885,5G,5G,-88.0,-3.0,21.0,12.0,-,3.0,5.0,58.0,58.0,D,PERIODIC,-104.0,-7.0,15.0,5Piu
"2022.11.23_16.05.32",7.0227949999999995,43.554885,5G,5G,-89.0,-3.0,21.0,12.0,-,35522.0,191.0,58.0,58.0,D,PERIODIC,-101.0,-12.0,12.0,5Piu
"2022.11.23_16.05.32",7.0227949999999995,43.554885,5G,5G,-89.0,-3.0,21.0,12.0,-,1.0,5.0,58.0,58.0,D,PERIODIC,-101.0,-12.0,12.0,5Piu
"2022.11.23_16.05.34",7.0227949999999995,43.554885,5G,5G,-89.0,-3.0,21.0,11.0,-,143.0,47.0,58.0,58.0,D,PERIODIC,-102.0,-8.0,8.0,5Piu
"2022.11.23_16.05.34",7.0229289999999995,43.554895,5G,5G,-89.0,-3.0,21.0,11.0,-,143.0,47.0,59.0,59.0,D,,-102.0,-8.0,8.0,5Piu
"2022.11.23_16.05.35",7.0229289999999995,43.554895,5G,5G,-89.0,-3.0,21.0,11.0,-,1978.0,56.0,59.0,59.0,D,PERIODIC,-102.0,-8.0,8.0,5Piu
"2022.11.23_16.05.36",7.0229289999999995,43.554895,5G,5G,-89.0,-3.0,21.0,10.0,-,35896.0,167.0,59.0,59.0,D,PERIODIC,-102.0,-7.0,17.0,5Piu
"2022.11.23_16.05.37",7.0229289999999995,43.554895,5G,5G,-88.0,-3.0,21.0,10.0,-,35510.0,187.0,59.0,59.0,D,PERIODIC,-102.0,-7.0,17.0,5Piu
"2022.11.23_16.05.38",7.0229289999999995,43.554895,5G,5G,-88.0,-3.0,21.0,12.0,-,4.0,5.0,59.0,59.0,D,PERIODIC,-106.0,-10.0,13.0,5Piu
"2022.11.23_16.05.39",7.0229289999999995,43.554895,5G,5G,-86.0,-3.0,21.0,12.0,-,4.0,6.0,59.0,59.0,D,PERIODIC,-106.0,-10.0,13.0,5Piu
"2022.11.23_16.05.40",7.0229289999999995,43.554895,5G,5G,-86.0,-3.0,21.0,11.0,-,35521.0,191.0,59.0,59.0,D,PERIODIC,-108.0,-6.0,10.0,5Piu
"2022.11.23_16.05.41",7.0229289999999995,43.554895,5G,5G,-88.0,-3.0,21.0,11.0,-,3.0,5.0,59.0,59.0,D,PERIODIC,-108.0,-6.0,10.0,5Piu
"2022.11.23_16.05.42",7.0229289999999995,43.554895,5G,5G,-88.0,-3.0,21.0,12.0,-,37284.0,209.0,59.0,59.0,D,PERIODIC,-106.0,-7.0,12.0,5Piu
"2022.11.23_16.05.43",7.0229289999999995,43.554895,5G,5G,-88.0,-3.0,21.0,12.0,-,3.0,5.0,59.0,59.0,D,PERIODIC,-106.0,-7.0,12.0,5Piu
"2022.11.23_16.05.44",7.0229289999999995,43.554895,5G,5G,-88.0,-3.0,21.0,13.0,-,46317.0,212.0,59.0,59.0,D,PERIODIC,-106.0,-6.0,14.0,5Piu
"2022.11.23_16.05.45",7.0229289999999995,43.554895,5G,5G,-88.0,-3.0,21.0,13.0,-,4.0,5.0,59.0,59.0,D,PERIODIC,-106.0,-6.0,14.0,5Piu
"2022.11.23_16.05.46",7.0229289999999995,43.554895,5G,5G,-88.0,-3.0,21.0,11.0,-,35524.0,200.0,59.0,59.0,D,PERIODIC,-105.0,-8.0,11.0,5Piu
"2022.11.23_16.05.47",7.0229289999999995,43.554895,5G,5G,-89.0,-3.0,21.0,11.0,-,50.0,27.0,59.0,59.0,D,PERIODIC,-105.0,-8.0,11.0,5Piu
"2022.11.23_16.05.48",7.0229289999999995,43.554895,5G,5G,-89.0,-3.0,20.0,10.0,-,35524.0,194.0,59.0,59.0,D,PERIODIC,-104.0,-8.0,9.0,5Piu
"2022.11.23_16.05.49",7.0229289999999995,43.554895,5G,5G,-89.0,-3.0,20.0,10.0,-,66.0,38.0,59.0,59.0,D,PERIODIC,-104.0,-8.0,9.0,5Piu
"2022.11.23_16.05.49",7.023053,43.554911,5G,5G,-89.0,-3.0,20.0,10.0,-,66.0,38.0,59.0,59.0,D,,-104.0,-8.0,9.0,5Piu
"2022.11.23_16.05.50",7.023053,43.554911,5G,5G,-89.0,-3.0,20.0,10.0,-,6.0,13.0,59.0,59.0,D,PERIODIC,-109.0,-8.0,8.0,5Piu
"2022.11.23_16.05.51",7.023053,43.554911,5G,5G,-89.0,-3.0,20.0,10.0,-,28630.0,156.0,59.0,59.0,D,PERIODIC,-109.0,-8.0,8.0,5Piu
"2022.11.23_16.05.52",7.023053,43.554911,5G,5G,-85.0,-3.0,21.0,10.0,-,35522.0,191.0,59.0,59.0,D,PERIODIC,-109.0,-8.0,8.0,5Piu
"2022.11.23_16.05.53",7.023053,43.554911,5G,5G,-90.0,-3.0,21.0,14.0,-,4.0,5.0,59.0,59.0,D,PERIODIC,-97.0,-7.0,12.0,5Piu
"2022.11.23_16.05.54",7.023053,43.554911,5G,5G,-90.0,-3.0,21.0,14.0,-,3.0,5.0,59.0,59.0,D,PERIODIC,-97.0,-7.0,12.0,5Piu
"2022.11.23_16.05.55",7.023053,43.554911,5G,5G,-82.0,-3.0,22.0,13.0,-,662.0,22.0,59.0,59.0,D,PERIODIC,-100.0,-8.0,15.0,5Piu
"2022.11.23_16.05.56",7.023053,43.554911,5G,5G,-86.0,-3.0,20.0,13.0,-,33377.0,173.0,59.0,59.0,D,PERIODIC,-100.0,-8.0,15.0,5Piu
"2022.11.23_16.05.57",7.023053,43.554911,5G,5G,-86.0,-3.0,20.0,8.0,-,3.0,5.0,59.0,59.0,D,PERIODIC,-99.0,-6.0,18.0,5Piu
"2022.11.23_16.05.58",7.023053,43.554911,5G,5G,-78.0,-3.0,21.0,8.0,-,47401.0,230.0,59.0,59.0,D,PERIODIC,-99.0,-6.0,18.0,5Piu
"2022.11.23_16.05.59",7.023053,43.554911,5G,5G,-78.0,-3.0,21.0,10.0,-,3.0,5.0,59.0,59.0,D,PERIODIC,-103.0,-7.0,14.0,5Piu
"2022.11.23_16.06.00",7.023053,43.554911,5G,5G,-83.0,-3.0,22.0,10.0,-,36891.0,207.0,59.0,59.0,D,PERIODIC,-103.0,-7.0,14.0,5Piu
"2022.11.23_16.06.01",7.023053,43.554911,5G,5G,-83.0,-3.0,22.0,10.0,-,4.0,6.0,59.0,59.0,D,PERIODIC,-103.0,-7.0,14.0,5Piu
"2022.11.23_16.06.02",7.023053,43.554911,5G,5G,-89.0,-3.0,21.0,8.0,-,65.0,35.0,59.0,59.0,D,PERIODIC,-109.0,-12.0,9.0,5Piu
"2022.11.23_16.06.03",7.023053,43.554911,5G,5G,-89.0,-3.0,21.0,8.0,-,35524.0,208.0,59.0,59.0,D,PERIODIC,-109.0,-12.0,9.0,5Piu
"2022.11.23_16.06.04",7.023053,43.554911,5G,5G,-91.0,-3.0,21.0,7.0,-,5.0,8.0,59.0,59.0,D,PERIODIC,-110.0,-12.0,8.0,5Piu
"2022.11.23_16.06.05",7.023053,43.554911,5G,5G,-89.0,-3.0,21.0,7.0,-,11.0,35.0,59.0,59.0,D,PERIODIC,-110.0,-12.0,8.0,5Piu
"2022.11.23_16.06.06",7.023053,43.554911,5G,5G,-89.0,-3.0,21.0,7.0,-,0.0,0.0,59.0,59.0,I,PERIODIC,-110.0,-12.0,8.0,5Piu
"2022.11.23_16.06.06",7.023053,43.554911,5G,5G,-89.0,-3.0,21.0,7.0,-,0.0,0.0,59.0,59.0,I,LOG_END,-110.0,-12.0,8.0,5Piu
"",,,,,,,,,,,,,,,,,,,5Piu
